102
288
558
912
1350
1872
2478
3168
3942
4800
5742
6768
7878
9072
10350
11712
13158
14688
16302
18000
19782
103
289
559
913
1351
1873
2479
3169
3943
4801
5743
6769
7879
9073
10351
11713
13159
14689
16303
18001
19783
40
93
142
191
240
289
338
387
436
485
534
583
632
681
730
779
828
877
926
975
1024
39
72
105
138
171
204
237
270
303
336
369
402
435
468
501
534
567
600
633
666
699
105
115
109
111
148
184
212
240
268
296
324
352
380
408
436
464
492
520
548
576
604
96
105
105
115
140
166
176
202
227
253
278
304
329
355
380
406
431
457
482
508
533
135
167
197
241
262
290
321
355
392
457
504
554
607
797
860
926
995
1265
1344
1426
1511
142
142
142
142
142
142
142
142
142
142
142
142
142
142
142
142
142
142
142
142
142
2
78
178
278
378
478
578
678
778
878
978
1078
1178
1278
1378
1478
1578
1678
1778
1878
1978
1
1
1
1
1
1
1
1
1
1
1
1
1
1
1
1
1
1
1
1
1
36
68
123
155
191
223
276
308
344
376
429
461
497
529
582
614
650
682
735
767
803
6
46
95
135
184
224
273
313
362
402
451
491
540
580
629
669
718
758
807
847
896
2
23
70
173
333
575
928
1385
1975
2731
3638
4729
6041
7551
9296
11317
11
47
122
256
466
769
1182
1722
2406
3251
4274
5492
6922
8581
10486
12654
15102
60
88
144
172
228
256
312
340
396
424
480
508
564
592
648
676
732
760
816
844
900
46
102
130
186
214
270
298
354
382
438
466
522
550
606
634
690
718
774
802
858
886
86
158
230
302
374
446
518
590
662
734
806
878
950
1022
1094
1166
1238
1310
1382
1454
1526
91
127
163
199
235
271
307
343
379
415
451
487
523
559
595
631
667
703
739
775
811
